# Year   Month    running    running
#                 mean SSN   std SSN
  1818      07        4.68      2.28
  1818      08        4.70      2.26
  1818      09        4.63      2.33
  1818      10        4.52      2.34
  1818      11        4.35      2.14
  1818      12        4.20      1.89
  1819      01        4.10      1.82
  1819      02        4.04      1.81
  1819      03        4.07      1.82
  1819      04        4.08      1.82
  1819      05        4.18      1.73
  1819      06        4.40      1.61
  1819      07        4.55      1.55
  1819      08        4.64      1.44
  1819      09        4.70      1.35
  1819      10        4.65      1.37
  1819      11        4.56      1.33
  1819      12        4.37      1.19
  1820      01        4.11      1.27
  1820      02        3.92      1.39
  1820      03        3.76      1.34
  1820      04        3.57      1.27
  1820      05        3.35      1.28
  1820      06        3.08      1.29
  1820      07        2.83      1.27
  1820      08        2.69      1.30
  1820      09        2.70      1.29
  1820      10        2.69      1.28
  1820      11        2.52      1.14
  1820      12        2.35      0.97
  1821      01        2.34      0.88
  1821      02        2.33      0.75
  1821      03        2.28      0.67
  1821      04        2.41      0.98
  1821      05        2.58      1.16
  1821      06        2.66      1.12
  1821      07        2.71      1.07
  1821      08        2.74      1.03
  1821      09        2.81      1.15
  1821      10        2.99      1.28
  1821      11        3.08      1.31
  1821      12        3.10      1.31
  1822      01        3.21      1.27
  1822      02        3.28      1.24
  1822      03        3.23      1.27
  1822      04        3.03      1.18
  1822      05        2.85      1.05
  1822      06        2.81      1.07
  1822      07        2.80      1.07
  1822      08        2.79      1.08
  1822      09        2.64      0.96
  1822      10        2.40      0.68
  1822      11        2.26      0.55
  1822      12        2.14      0.56
  1823      01        1.98      0.45
  1823      02        1.85      0.30
  1823      03        1.80      0.27
  1823      04        1.74      0.31
  1823      05        1.65      0.36
  1823      06        1.69      0.58
  1823      07        1.68      0.82
  1823      08        1.46      1.03
  1823      09        1.30      1.12
  1823      10        1.22      1.11
  1823      11        1.18      1.09
  1823      12        1.18      1.09
  1824      01        1.17      1.10
  1824      02        1.12      1.10
  1824      03        1.16      1.21
  1824      04        1.46      1.64
  1824      05        1.68      1.90
  1824      06        1.55      1.85
  1824      07        1.57      1.78
  1824      08        1.93      1.75
  1824      09        2.34      1.82
  1824      10        2.58      1.88
  1824      11        2.78      1.89
  1824      12        3.11      1.95
  1825      01        3.57      2.16
  1825      02        4.16      2.29
  1825      03        4.50      2.26
  1825      04        4.47      2.22
  1825      05        4.47      2.09
  1825      06        4.71      1.85
  1825      07        4.92      1.66
  1825      08        5.02      1.62
  1825      09        5.21      1.78
  1825      10        5.52      1.82
  1825      11        5.85      1.80
  1825      12        6.17      1.98
  1826      01        6.44      2.25
  1826      02        6.63      2.47
  1826      03        6.76      2.49
  1826      04        7.06      2.50
  1826      05        7.47      2.33
  1826      06        7.76      2.04
  1826      07        7.97      1.82
  1826      08        8.22      1.62
  1826      09        8.47      1.65
  1826      10        8.69      1.69
  1826      11        8.95      1.73
  1826      12        9.11      1.82
  1827      01        9.11      1.80
  1827      02        9.15      1.81
  1827      03        9.44      1.78
  1827      04        9.65      1.69
  1827      05        9.66      1.68
  1827      06        9.70      1.63
  1827      07        9.74      1.60
  1827      08        9.74      1.62
  1827      09        9.69      1.60
  1827      10        9.73      1.63
  1827      11        9.88      1.78
  1827      12       10.08      2.00
  1828      01       10.28      2.14
  1828      02       10.46      2.28
  1828      03       10.59      2.39
  1828      04       10.56      2.40
  1828      05       10.60      2.32
  1828      06       10.51      2.51
  1828      07       10.27      2.89
  1828      08       10.10      3.06
  1828      09       10.09      3.11
  1828      10       10.30      3.26
  1828      11       10.40      3.37
  1828      12       10.32      3.31
  1829      01       10.37      3.35
  1829      02       10.39      3.35
  1829      03       10.24      3.27
  1829      04       10.14      3.28
  1829      05       10.08      3.30
  1829      06       10.20      3.15
  1829      07       10.41      2.85
  1829      08       10.50      2.71
  1829      09       10.44      2.69
  1829      10       10.32      2.63
  1829      11       10.26      2.55
  1829      12       10.20      2.51
  1830      01        9.95      2.37
  1830      02        9.60      2.18
  1830      03        9.46      2.12
  1830      04        9.60      2.17
  1830      05        9.77      2.18
  1830      06        9.70      2.30
  1830      07        9.63      2.36
  1830      08        9.66      2.30
  1830      09        9.78      2.38
  1830      10        9.75      2.26
  1830      11        9.51      2.01
  1830      12        9.27      1.92
  1831      01        9.16      1.87
  1831      02        9.27      1.89
  1831      03        9.22      1.96
  1831      04        8.92      1.93
  1831      05        8.58      2.00
  1831      06        8.32      2.28
  1831      07        8.05      2.68
  1831      08        7.91      2.93
  1831      09        7.77      2.79
  1831      10        7.44      2.54
  1831      11        7.28      2.44
  1831      12        7.17      2.43
  1832      01        6.85      2.44
  1832      02        6.36      2.31
  1832      03        5.98      2.20
  1832      04        5.77      2.19
  1832      05        5.61      2.21
  1832      06        5.55      2.25
  1832      07        5.59      2.20
  1832      08        5.39      2.05
  1832      09        4.95      1.88
  1832      10        4.54      1.82
  1832      11        4.16      1.47
  1832      12        3.83      1.02
  1833      01        3.64      0.98
  1833      02        3.56      0.96
  1833      03        3.44      0.99
  1833      04        3.27      0.90
  1833      05        3.17      0.76
  1833      06        3.11      0.75
  1833      07        2.95      0.90
  1833      08        2.87      1.04
  1833      09        2.87      1.07
  1833      10        2.82      1.10
  1833      11        2.77      1.08
  1833      12        2.81      1.06
  1834      01        2.85      1.06
  1834      02        2.81      1.05
  1834      03        2.84      1.04
  1834      04        2.93      1.07
  1834      05        2.99      1.10
  1834      06        3.07      1.11
  1834      07        3.20      0.98
  1834      08        3.26      0.81
  1834      09        3.29      0.75
  1834      10        3.50      0.75
  1834      11        3.75      0.98
  1834      12        3.90      1.17
  1835      01        4.02      1.16
  1835      02        3.97      1.40
  1835      03        3.93      1.63
  1835      04        4.15      1.80
  1835      05        4.45      2.02
  1835      06        4.58      2.12
  1835      07        4.77      2.20
  1835      08        5.16      2.27
  1835      09        5.40      2.27
  1835      10        5.67      2.40
  1835      11        6.10      2.87
  1835      12        6.49      3.15
  1836      01        6.79      3.13
  1836      02        7.27      2.75
  1836      03        7.63      2.27
  1836      04        7.58      2.28
  1836      05        7.44      2.33
  1836      06        7.34      2.41
  1836      07        7.25      2.48
  1836      08        7.27      2.52
  1836      09        7.40      2.53
  1836      10        7.27      2.47
  1836      11        6.90      2.16
  1836      12        6.84      2.07
  1837      01        6.86      2.30
  1837      02        6.66      2.29
  1837      03        6.74      2.34
  1837      04        7.09      2.47
  1837      05        7.14      2.65
  1837      06        7.11      2.64
  1837      07        7.17      2.53
  1837      08        7.13      2.52
  1837      09        7.12      2.51
  1837      10        7.27      2.52
  1837      11        7.60      2.69
  1837      12        7.68      2.72
  1838      01        7.82      2.66
  1838      02        8.08      2.67
  1838      03        8.11      2.68
  1838      04        8.03      2.66
  1838      05        8.09      2.44
  1838      06        8.33      2.10
  1838      07        8.47      1.91
  1838      08        8.42      1.90
  1838      09        8.29      1.96
  1838      10        8.11      2.04
  1838      11        7.80      1.92
  1838      12        7.56      1.67
  1839      01        7.50      1.66
  1839      02        7.66      1.75
  1839      03        7.81      1.81
  1839      04        7.83      1.84
  1839      05        7.71      1.97
  1839      06        7.46      2.27
  1839      07        7.36      2.43
  1839      08        7.39      2.43
  1839      09        7.43      2.42
  1839      10        7.59      2.37
  1839      11        7.76      2.35
  1839      12        7.90      2.41
  1840      01        7.89      2.34
  1840      02        7.76      2.21
  1840      03        7.67      2.12
  1840      04        7.56      2.05
  1840      05        7.68      1.93
  1840      06        8.03      1.47
  1840      07        8.03      1.49
  1840      08        7.78      1.84
  1840      09        7.68      1.92
  1840      10        7.66      1.99
  1840      11        7.79      2.13
  1840      12        7.87      2.22
  1841      01        7.77      2.19
  1841      02        7.69      2.17
  1841      03        7.67      2.16
  1841      04        7.58      2.23
  1841      05        7.36      2.38
  1841      06        7.12      2.47
  1841      07        7.05      2.43
  1841      08        7.06      2.39
  1841      09        7.01      2.42
  1841      10        6.93      2.39
  1841      11        6.70      2.14
  1841      12        6.44      1.81
  1842      01        6.24      1.71
  1842      02        6.11      1.67
  1842      03        5.96      1.51
  1842      04        5.94      1.40
  1842      05        6.21      1.42
  1842      06        6.25      1.60
  1842      07        6.12      1.77
  1842      08        5.93      2.05
  1842      09        5.70      2.30
  1842      10        5.50      2.30
  1842      11        5.31      2.22
  1842      12        5.17      2.16
  1843      01        5.06      2.12
  1843      02        4.92      2.02
  1843      03        4.67      1.92
  1843      04        4.40      1.85
  1843      05        4.15      1.61
  1843      06        4.03      1.46
  1843      07        4.00      1.50
  1843      08        4.13      1.36
  1843      09        4.24      1.21
  1843      10        4.31      1.28
  1843      11        4.28      1.27
  1843      12        4.10      1.20
  1844      01        4.08      1.27
  1844      02        4.19      1.38
  1844      03        4.25      1.44
  1844      04        4.31      1.44
  1844      05        4.21      1.46
  1844      06        4.13      1.41
  1844      07        4.24      1.33
  1844      08        4.35      1.36
  1844      09        4.58      1.48
  1844      10        4.89      1.85
  1844      11        5.25      2.24
  1844      12        5.63      2.30
  1845      01        5.80      2.23
  1845      02        5.86      2.25
  1845      03        6.04      2.20
  1845      04        6.20      2.11
  1845      05        6.45      1.90
  1845      06        6.69      1.63
  1845      07        6.78      1.51
  1845      08        6.94      1.43
  1845      09        7.11      1.48
  1845      10        7.10      1.41
  1845      11        6.96      1.23
  1845      12        7.13      1.53
  1846      01        7.46      1.81
  1846      02        7.67      1.87
  1846      03        8.02      2.11
  1846      04        8.28      2.27
  1846      05        8.23      2.31
  1846      06        8.14      2.42
  1846      07        8.01      2.60
  1846      08        7.71      2.87
  1846      09        7.49      3.01
  1846      10        7.42      3.01
  1846      11        7.52      3.13
  1846      12        7.69      3.26
  1847      01        7.70      3.28
  1847      02        8.01      3.76
  1847      03        8.20      4.08
  1847      04        8.39      4.08
  1847      05        8.95      4.16
  1847      06        9.36      4.03
  1847      07        9.72      3.68
  1847      08       10.10      3.22
  1847      09       10.28      2.93
  1847      10       10.42      2.83
  1847      11       10.66      2.82
  1847      12       10.86      2.98
  1848      01       11.27      3.22
  1848      02       11.39      3.16
  1848      03       11.23      2.93
  1848      04       11.01      3.00
  1848      05       10.63      3.06
  1848      06       10.84      3.15
  1848      07       11.72      3.74
  1848      08       12.74      4.22
  1848      09       13.56      4.19
  1848      10       14.16      4.05
  1848      11       14.47      3.97
  1848      12       14.50      3.97
  1849      01       14.44      3.95
  1849      02       14.41      3.91
  1849      03       14.70      3.81
  1849      04       15.22      3.36
  1849      05       15.81      2.59
  1849      06       16.16      2.13
  1849      07       15.91      1.86
  1849      08       15.48      1.30
  1849      09       15.29      1.02
  1849      10       14.98      1.32
  1849      11       14.65      1.59
  1849      12       14.53      1.63
  1850      01       14.25      1.98
  1850      02       13.98      2.25
  1850      03       13.93      2.23
  1850      04       13.90      2.21
  1850      05       13.72      2.18
  1850      06       13.38      2.05
  1850      07       13.21      1.94
  1850      08       13.24      2.03
  1850      09       13.23      2.10
  1850      10       13.24      1.99
  1850      11       13.32      1.92
  1850      12       13.30      1.92
  1851      01       13.30      1.86
  1851      02       13.31      1.80
  1851      03       13.21      1.75
  1851      04       13.09      1.67
  1851      05       13.04      1.67
  1851      06       13.08      1.68
  1851      07       13.11      1.68
  1851      08       12.92      1.43
  1851      09       12.73      1.11
  1851      10       12.74      1.10
  1851      11       12.74      1.11
  1851      12       12.62      1.16
  1852      01       12.57      1.13
  1852      02       12.51      1.15
  1852      03       12.26      1.30
  1852      04       12.12      1.37
  1852      05       12.14      1.38
  1852      06       12.02      1.35
  1852      07       11.75      1.29
  1852      08       11.51      1.23
  1852      09       11.27      1.21
  1852      10       11.04      1.13
  1852      11       10.84      1.03
  1852      12       10.69      1.03
  1853      01       10.67      1.04
  1853      02       10.75      1.05
  1853      03       10.78      1.09
  1853      04       10.65      0.98
  1853      05       10.42      0.82
  1853      06       10.17      0.95
  1853      07        9.86      1.35
  1853      08        9.48      1.70
  1853      09        9.17      1.88
  1853      10        8.90      1.92
  1853      11        8.64      1.91
  1853      12        8.42      1.92
  1854      01        8.13      1.86
  1854      02        7.70      1.65
  1854      03        7.36      1.41
  1854      04        6.98      1.30
  1854      05        6.68      1.16
  1854      06        6.63      1.11
  1854      07        6.51      1.20
  1854      08        6.36      1.36
  1854      09        6.28      1.41
  1854      10        6.02      1.62
  1854      11        5.62      1.85
  1854      12        5.24      1.97
  1855      01        4.76      2.21
  1855      02        4.30      2.43
  1855      03        3.81      2.53
  1855      04        3.55      2.56
  1855      05        3.28      2.37
  1855      06        2.76      1.97
  1855      07        2.36      1.82
  1855      08        2.11      1.78
  1855      09        1.77      1.51
  1855      10        1.56      1.27
  1855      11        1.47      1.29
  1855      12        1.34      1.28
  1856      01        1.41      1.26
  1856      02        1.55      1.27
  1856      03        1.69      1.24
  1856      04        1.67      1.07
  1856      05        1.62      0.97
  1856      06        1.76      1.05
  1856      07        2.06      1.26
  1856      08        2.33      1.40
  1856      09        2.46      1.33
  1856      10        2.61      1.28
  1856      11        3.03      1.66
  1856      12        3.55      1.91
  1857      01        3.91      2.01
  1857      02        4.24      2.06
  1857      03        4.73      2.35
  1857      04        5.45      2.67
  1857      05        6.04      2.75
  1857      06        6.56      2.74
  1857      07        7.03      2.76
  1857      08        7.47      2.71
  1857      09        8.14      2.48
  1857      10        8.79      2.13
  1857      11        9.11      1.91
  1857      12        9.39      1.82
  1858      01        9.82      1.67
  1858      02       10.31      1.40
  1858      03       10.75      1.36
  1858      04       11.16      1.88
  1858      05       11.51      2.04
  1858      06       11.78      1.96
  1858      07       12.16      2.00
  1858      08       12.63      2.04
  1858      09       13.03      2.09
  1858      10       13.41      2.09
  1858      11       13.87      1.91
  1858      12       14.29      1.69
  1859      01       14.65      1.50
  1859      02       15.03      1.42
  1859      03       15.35      1.40
  1859      04       15.53      1.54
  1859      05       15.81      1.41
  1859      06       16.07      1.03
  1859      07       16.13      0.91
  1859      08       16.13      0.92
  1859      09       16.16      0.92
  1859      10       16.14      1.01
  1859      11       16.14      1.11
  1859      12       16.27      1.14
  1860      01       16.41      1.19
  1860      02       16.47      1.21
  1860      03       16.39      1.19
  1860      04       16.25      1.13
  1860      05       16.17      1.07
  1860      06       16.22      1.04
  1860      07       16.18      1.18
  1860      08       16.04      1.37
  1860      09       15.99      1.41
  1860      10       16.09      1.35
  1860      11       15.95      1.51
  1860      12       15.66      1.65
  1861      01       15.45      1.55
  1861      02       15.24      1.43
  1861      03       15.12      1.38
  1861      04       14.94      1.42
  1861      05       14.63      1.51
  1861      06       14.39      1.51
  1861      07       14.35      1.46
  1861      08       14.31      1.47
  1861      09       14.00      1.59
  1861      10       13.56      1.59
  1861      11       13.45      1.49
  1861      12       13.51      1.45
  1862      01       13.48      1.44
  1862      02       13.38      1.39
  1862      03       13.23      1.31
  1862      04       13.06      1.37
  1862      05       12.94      1.47
  1862      06       12.72      1.55
  1862      07       12.43      1.59
  1862      08       12.32      1.59
  1862      09       12.41      1.54
  1862      10       12.47      1.56
  1862      11       12.34      1.61
  1862      12       12.08      1.51
  1863      01       11.65      1.41
  1863      02       11.37      1.35
  1863      03       11.04      1.46
  1863      04       10.79      1.56
  1863      05       10.70      1.56
  1863      06       10.65      1.55
  1863      07       10.71      1.57
  1863      08       10.70      1.57
  1863      09       10.66      1.53
  1863      10       10.62      1.56
  1863      11       10.51      1.54
  1863      12       10.52      1.54
  1864      01       10.71      1.57
  1864      02       10.84      1.55
  1864      03       10.90      1.45
  1864      04       10.91      1.37
  1864      05       10.98      1.41
  1864      06       11.01      1.52
  1864      07       10.88      1.59
  1864      08       10.79      1.57
  1864      09       10.58      1.47
  1864      10       10.39      1.38
  1864      11       10.30      1.44
  1864      12       10.12      1.43
  1865      01        9.83      1.36
  1865      02        9.61      1.28
  1865      03        9.46      1.35
  1865      04        9.22      1.65
  1865      05        8.85      1.68
  1865      06        8.48      1.73
  1865      07        8.23      1.82
  1865      08        8.14      1.71
  1865      09        8.05      1.65
  1865      10        7.89      1.63
  1865      11        7.65      1.69
  1865      12        7.37      1.71
  1866      01        7.09      1.78
  1866      02        6.74      1.79
  1866      03        6.41      1.81
  1866      04        6.27      1.91
  1866      05        6.11      1.97
  1866      06        5.78      2.26
  1866      07        5.24      2.59
  1866      08        4.47      2.60
  1866      09        3.91      2.35
  1866      10        3.56      2.13
  1866      11        3.21      2.05
  1866      12        2.81      1.97
  1867      01        2.50      1.84
  1867      02        2.30      1.71
  1867      03        2.17      1.59
  1867      04        2.14      1.52
  1867      05        2.12      1.46
  1867      06        2.42      1.76
  1867      07        2.89      1.92
  1867      08        3.31      1.83
  1867      09        3.66      1.92
  1867      10        4.07      2.22
  1867      11        4.58      2.33
  1867      12        5.11      2.19
  1868      01        5.59      1.96
  1868      02        6.04      1.76
  1868      03        6.55      1.64
  1868      04        7.09      1.76
  1868      05        7.64      1.86
  1868      06        8.11      1.95
  1868      07        8.55      2.01
  1868      08        9.02      1.84
  1868      09        9.38      1.67
  1868      10        9.52      1.61
  1868      11        9.82      1.80
  1868      12       10.42      2.07
  1869      01       10.88      2.03
  1869      02       11.21      1.78
  1869      03       11.51      1.68
  1869      04       11.63      1.65
  1869      05       11.70      1.66
  1869      06       11.89      1.76
  1869      07       12.09      1.83
  1869      08       12.35      1.90
  1869      09       12.86      2.20
  1869      10       13.58      2.38
  1869      11       14.17      2.55
  1869      12       14.44      2.77
  1870      01       14.76      2.72
  1870      02       15.21      2.59
  1870      03       15.57      2.51
  1870      04       16.00      2.25
  1870      05       16.46      1.86
  1870      06       16.71      1.64
  1870      07       16.81      1.50
  1870      08       16.87      1.38
  1870      09       16.87      1.33
  1870      10       16.84      1.32
  1870      11       16.78      1.25
  1870      12       16.59      1.31
  1871      01       16.38      1.48
  1871      02       16.19      1.53
  1871      03       15.94      1.66
  1871      04       15.63      1.79
  1871      05       15.36      1.76
  1871      06       15.15      1.74
  1871      07       15.02      1.79
  1871      08       14.97      1.81
  1871      09       14.79      1.77
  1871      10       14.46      1.53
  1871      11       14.19      1.12
  1871      12       14.14      0.92
  1872      01       14.20      0.94
  1872      02       14.15      0.93
  1872      03       14.21      0.91
  1872      04       14.36      0.87
  1872      05       14.43      0.86
  1872      06       14.42      0.90
  1872      07       14.42      0.90
  1872      08       14.41      0.83
  1872      09       14.41      0.76
  1872      10       14.37      0.82
  1872      11       14.05      1.32
  1872      12       13.56      1.88
  1873      01       13.16      2.08
  1873      02       12.94      2.10
  1873      03       12.62      2.12
  1873      04       12.18      2.13
  1873      05       11.76      2.05
  1873      06       11.42      1.95
  1873      07       11.19      1.89
  1873      08       10.96      1.67
  1873      09       10.63      1.30
  1873      10       10.24      1.13
  1873      11       10.05      1.13
  1873      12       10.05      1.14
  1874      01       10.06      1.15
  1874      02       10.05      1.14
  1874      03        9.92      1.24
  1874      04        9.76      1.39
  1874      05        9.59      1.48
  1874      06        9.39      1.58
  1874      07        9.02      1.79
  1874      08        8.55      1.89
  1874      09        8.28      1.83
  1874      10        8.22      1.81
  1874      11        8.00      1.95
  1874      12        7.71      2.05
  1875      01        7.35      1.93
  1875      02        6.80      1.60
  1875      03        6.34      1.55
  1875      04        6.00      1.68
  1875      05        5.75      1.60
  1875      06        5.51      1.55
  1875      07        5.36      1.53
  1875      08        5.30      1.53
  1875      09        5.21      1.43
  1875      10        4.95      1.34
  1875      11        4.69      1.34
  1875      12        4.45      1.36
  1876      01        4.28      1.34
  1876      02        4.26      1.34
  1876      03        4.29      1.29
  1876      04        4.38      1.25
  1876      05        4.36      1.25
  1876      06        4.31      1.25
  1876      07        4.38      1.33
  1876      08        4.42      1.39
  1876      09        4.26      1.26
  1876      10        4.26      1.08
  1876      11        4.51      1.09
  1876      12        4.77      1.03
  1877      01        4.82      0.95
  1877      02        4.73      1.01
  1877      03        4.77      1.04
  1877      04        4.75      1.09
  1877      05        4.70      1.12
  1877      06        4.68      1.19
  1877      07        4.47      1.24
  1877      08        4.28      1.22
  1877      09        4.22      1.23
  1877      10        4.06      1.29
  1877      11        3.78      1.21
  1877      12        3.57      1.02
  1878      01        3.43      1.00
  1878      02        3.31      1.07
  1878      03        3.15      0.98
  1878      04        3.01      0.84
  1878      05        2.88      0.74
  1878      06        2.78      0.60
  1878      07        2.74      0.62
  1878      08        2.67      0.63
  1878      09        2.55      0.59
  1878      10        2.54      0.56
  1878      11        2.57      0.57
  1878      12        2.53      0.54
  1879      01        2.59      0.56
  1879      02        2.75      0.65
  1879      03        2.85      0.71
  1879      04        2.96      0.78
  1879      05        3.13      0.91
  1879      06        3.28      0.94
  1879      07        3.52      1.09
  1879      08        3.90      1.32
  1879      09        4.27      1.37
  1879      10        4.54      1.36
  1879      11        4.82      1.36
  1879      12        5.21      1.41
  1880      01        5.53      1.42
  1880      02        5.86      1.56
  1880      03        6.43      1.93
  1880      04        6.96      2.10
  1880      05        7.27      2.04
  1880      06        7.55      1.82
  1880      07        7.79      1.62
  1880      08        8.02      1.67
  1880      09        8.31      1.69
  1880      10        8.63      1.59
  1880      11        8.91      1.47
  1880      12        9.14      1.44
  1881      01        9.53      1.49
  1881      02        9.81      1.45
  1881      03        9.78      1.41
  1881      04        9.82      1.41
  1881      05       10.03      1.36
  1881      06       10.22      1.16
  1881      07       10.35      0.97
  1881      08       10.46      0.95
  1881      09       10.61      1.00
  1881      10       10.85      1.17
  1881      11       11.07      1.26
  1881      12       11.08      1.24
  1882      01       10.88      1.28
  1882      02       10.69      1.31
  1882      03       10.65      1.35
  1882      04       10.64      1.34
  1882      05       10.73      1.43
  1882      06       10.83      1.53
  1882      07       10.87      1.53
  1882      08       10.83      1.52
  1882      09       10.62      1.55
  1882      10       10.48      1.50
  1882      11       10.30      1.53
  1882      12       10.29      1.67
  1883      01       10.55      1.76
  1883      02       10.71      1.76
  1883      03       10.70      1.75
  1883      04       10.75      1.81
  1883      05       10.83      1.85
  1883      06       10.96      1.83
  1883      07       11.21      1.87
  1883      08       11.48      1.95
  1883      09       11.83      1.89
  1883      10       11.99      1.81
  1883      11       12.14      1.56
  1883      12       12.22      1.32
  1884      01       12.03      1.41
  1884      02       11.98      1.39
  1884      03       12.08      1.26
  1884      04       12.00      1.28
  1884      05       11.69      1.47
  1884      06       11.40      1.59
  1884      07       11.10      1.59
  1884      08       10.84      1.47
  1884      09       10.64      1.30
  1884      10       10.41      1.10
  1884      11       10.35      1.04
  1884      12       10.49      1.21
  1885      01       10.67      1.35
  1885      02       10.70      1.37
  1885      03       10.58      1.42
  1885      04       10.44      1.49
  1885      05       10.35      1.59
  1885      06       10.16      1.83
  1885      07        9.93      2.06
  1885      08        9.65      2.14
  1885      09        9.48      2.14
  1885      10        9.45      2.14
  1885      11        9.18      2.08
  1885      12        8.72      1.83
  1886      01        8.29      1.45
  1886      02        7.93      1.30
  1886      03        7.63      1.32
  1886      04        7.32      1.47
  1886      05        6.90      1.88
  1886      06        6.60      2.14
  1886      07        6.42      2.21
  1886      08        6.21      2.26
  1886      09        5.80      2.14
  1886      10        5.25      1.84
  1886      11        4.97      1.64
  1886      12        4.86      1.52
  1887      01        4.75      1.39
  1887      02        4.73      1.34
  1887      03        4.64      1.33
  1887      04        4.51      1.31
  1887      05        4.56      1.24
  1887      06        4.68      1.19
  1887      07        4.77      1.23
  1887      08        4.74      1.25
  1887      09        4.72      1.24
  1887      10        4.73      1.22
  1887      11        4.60      1.23
  1887      12        4.42      1.19
  1888      01        4.17      1.13
  1888      02        3.87      1.00
  1888      03        3.75      0.94
  1888      04        3.72      0.97
  1888      05        3.72      1.02
  1888      06        3.65      0.89
  1888      07        3.42      0.70
  1888      08        3.32      0.68
  1888      09        3.33      0.68
  1888      10        3.32      0.68
  1888      11        3.27      0.69
  1888      12        3.23      0.70
  1889      01        3.28      0.71
  1889      02        3.49      0.89
  1889      03        3.61      1.00
  1889      04        3.59      1.00
  1889      05        3.49      1.03
  1889      06        3.39      1.05
  1889      07        3.44      1.02
  1889      08        3.41      1.01
  1889      09        3.32      1.04
  1889      10        3.27      1.05
  1889      11        3.26      1.06
  1889      12        3.23      1.07
  1890      01        3.20      1.10
  1890      02        3.13      0.96
  1890      03        3.12      0.91
  1890      04        3.28      1.06
  1890      05        3.45      1.04
  1890      06        3.55      1.00
  1890      07        3.62      1.03
  1890      08        3.85      1.13
  1890      09        4.08      1.17
  1890      10        4.30      1.17
  1890      11        4.72      1.45
  1890      12        5.28      1.81
  1891      01        5.85      2.16
  1891      02        6.27      2.32
  1891      03        6.64      2.41
  1891      04        7.08      2.54
  1891      05        7.53      2.49
  1891      06        7.92      2.26
  1891      07        8.38      2.09
  1891      08        8.92      2.11
  1891      09        9.39      1.90
  1891      10        9.84      1.50
  1891      11       10.22      1.44
  1891      12       10.49      1.55
  1892      01       10.67      1.64
  1892      02       11.01      1.72
  1892      03       11.33      1.71
  1892      04       11.44      1.68
  1892      05       11.61      1.59
  1892      06       11.89      1.30
  1892      07       11.99      1.11
  1892      08       11.80      1.28
  1892      09       11.67      1.39
  1892      10       11.59      1.45
  1892      11       11.45      1.45
  1892      12       11.28      1.42
  1893      01       11.13      1.39
  1893      02       10.98      1.23
  1893      03       10.86      1.08
  1893      04       10.74      1.07
  1893      05       10.60      1.05
  1893      06       10.45      0.96
  1893      07       10.41      0.87
  1893      08       10.47      0.84
  1893      09       10.46      0.92
  1893      10       10.39      1.00
  1893      11       10.42      1.03
  1893      12       10.49      1.06
  1894      01       10.56      1.10
  1894      02       10.47      1.04
  1894      03       10.28      0.97
  1894      04       10.22      1.00
  1894      05       10.15      1.06
  1894      06       10.02      1.12
  1894      07        9.88      1.15
  1894      08        9.77      1.16
  1894      09        9.75      1.11
  1894      10        9.78      1.07
  1894      11        9.67      1.01
  1894      12        9.50      0.87
  1895      01        9.27      0.72
  1895      02        9.10      0.59
  1895      03        9.07      0.59
  1895      04        9.03      0.59
  1895      05        8.96      0.63
  1895      06        8.94      0.70
  1895      07        8.85      0.93
  1895      08        8.69      1.09
  1895      09        8.62      1.09
  1895      10        8.46      1.09
  1895      11        8.20      1.17
  1895      12        7.99      1.20
  1896      01        7.91      1.15
  1896      02        7.75      1.18
  1896      03        7.61      1.20
  1896      04        7.48      1.20
  1896      05        7.31      1.20
  1896      06        7.20      1.11
  1896      07        7.16      0.97
  1896      08        7.10      0.94
  1896      09        6.91      0.92
  1896      10        6.77      0.92
  1896      11        6.68      1.00
  1896      12        6.47      1.16
  1897      01        6.24      1.21
  1897      02        6.15      1.20
  1897      03        6.09      1.15
  1897      04        5.99      1.15
  1897      05        5.77      1.29
  1897      06        5.57      1.32
  1897      07        5.48      1.23
  1897      08        5.46      1.20
  1897      09        5.51      1.23
  1897      10        5.46      1.26
  1897      11        5.42      1.28
  1897      12        5.52      1.23
  1898      01        5.47      1.26
  1898      02        5.39      1.32
  1898      03        5.38      1.26
  1898      04        5.43      1.18
  1898      05        5.64      1.08
  1898      06        5.65      1.02
  1898      07        5.50      1.07
  1898      08        5.32      1.12
  1898      09        5.11      1.13
  1898      10        5.05      1.10
  1898      11        4.94      1.14
  1898      12        4.83      1.18
  1899      01        4.85      1.15
  1899      02        4.72      1.19
  1899      03        4.43      1.19
  1899      04        4.18      1.04
  1899      05        3.95      0.84
  1899      06        3.82      0.74
  1899      07        3.74      0.71
  1899      08        3.70      0.67
  1899      09        3.67      0.64
  1899      10        3.61      0.61
  1899      11        3.65      0.61
  1899      12        3.64      0.55
  1900      01        3.56      0.47
  1900      02        3.53      0.44
  1900      03        3.54      0.42
  1900      04        3.56      0.43
  1900      05        3.54      0.46
  1900      06        3.46      0.57
  1900      07        3.33      0.69
  1900      08        3.21      0.75
  1900      09        3.13      0.76
  1900      10        3.01      0.76
  1900      11        2.89      0.70
  1900      12        2.82      0.64
  1901      01        2.74      0.61
  1901      02        2.67      0.62
  1901      03        2.60      0.62
  1901      04        2.49      0.54
  1901      05        2.43      0.44
  1901      06        2.42      0.44
  1901      07        2.46      0.44
  1901      08        2.48      0.45
  1901      09        2.50      0.52
  1901      10        2.55      0.57
  1901      11        2.50      0.54
  1901      12        2.43      0.49
  1902      01        2.40      0.48
  1902      02        2.41      0.48
  1902      03        2.46      0.49
  1902      04        2.58      0.63
  1902      05        2.70      0.75
  1902      06        2.74      0.76
  1902      07        2.77      0.76
  1902      08        2.90      0.84
  1902      09        3.02      0.89
  1902      10        3.17      1.01
  1902      11        3.39      1.07
  1902      12        3.54      1.04
  1903      01        3.78      1.06
  1903      02        4.08      1.08
  1903      03        4.24      1.05
  1903      04        4.36      1.14
  1903      05        4.60      1.32
  1903      06        4.97      1.39
  1903      07        5.31      1.30
  1903      08        5.47      1.23
  1903      09        5.63      1.20
  1903      10        5.82      1.21
  1903      11        6.03      1.21
  1903      12        6.28      1.10
  1904      01        6.50      1.08
  1904      02        6.70      1.16
  1904      03        6.92      1.02
  1904      04        7.09      0.83
  1904      05        7.15      0.86
  1904      06        7.17      0.89
  1904      07        7.28      0.90
  1904      08        7.57      1.01
  1904      09        7.84      1.06
  1904      10        7.89      1.05
  1904      11        7.90      1.04
  1904      12        7.95      1.02
  1905      01        8.03      1.04
  1905      02        8.08      1.07
  1905      03        8.18      0.99
  1905      04        8.34      0.96
  1905      05        8.61      1.18
  1905      06        8.83      1.28
  1905      07        8.82      1.29
  1905      08        8.61      1.36
  1905      09        8.45      1.38
  1905      10        8.53      1.36
  1905      11        8.62      1.31
  1905      12        8.69      1.29
  1906      01        8.82      1.41
  1906      02        8.89      1.54
  1906      03        8.86      1.55
  1906      04        8.64      1.74
  1906      05        8.21      1.77
  1906      06        8.03      1.64
  1906      07        8.16      1.69
  1906      08        8.50      1.81
  1906      09        8.72      1.87
  1906      10        8.71      1.87
  1906      11        8.64      1.90
  1906      12        8.51      1.94
  1907      01        8.28      1.85
  1907      02        8.16      1.71
  1907      03        8.28      1.77
  1907      04        8.55      1.66
  1907      05        8.81      1.40
  1907      06        8.83      1.36
  1907      07        8.64      1.40
  1907      08        8.30      1.27
  1907      09        7.97      1.14
  1907      10        7.86      1.21
  1907      11        7.86      1.22
  1907      12        7.88      1.21
  1908      01        7.87      1.21
  1908      02        7.92      1.36
  1908      03        8.03      1.48
  1908      04        7.91      1.52
  1908      05        7.73      1.53
  1908      06        7.65      1.52
  1908      07        7.69      1.52
  1908      08        7.78      1.50
  1908      09        7.94      1.44
  1908      10        7.98      1.43
  1908      11        7.88      1.48
  1908      12        7.76      1.58
  1909      01        7.64      1.67
  1909      02        7.39      1.60
  1909      03        7.02      1.28
  1909      04        6.97      1.08
  1909      05        7.11      1.13
  1909      06        7.18      1.17
  1909      07        7.10      1.20
  1909      08        6.92      1.21
  1909      09        6.71      1.19
  1909      10        6.44      1.31
  1909      11        6.25      1.47
  1909      12        6.13      1.54
  1910      01        5.98      1.64
  1910      02        5.82      1.73
  1910      03        5.69      1.76
  1910      04        5.55      1.65
  1910      05        5.25      1.52
  1910      06        4.80      1.36
  1910      07        4.46      1.28
  1910      08        4.23      1.28
  1910      09        4.04      1.23
  1910      10        4.00      1.21
  1910      11        3.97      1.19
  1910      12        3.84      1.20
  1911      01        3.71      1.26
  1911      02        3.59      1.29
  1911      03        3.43      1.25
  1911      04        3.12      0.94
  1911      05        2.94      0.57
  1911      06        2.91      0.59
  1911      07        2.86      0.62
  1911      08        2.78      0.65
  1911      09        2.71      0.64
  1911      10        2.62      0.52
  1911      11        2.51      0.31
  1911      12        2.50      0.25
  1912      01        2.50      0.25
  1912      02        2.48      0.26
  1912      03        2.49      0.34
  1912      04        2.54      0.40
  1912      05        2.53      0.41
  1912      06        2.54      0.42
  1912      07        2.58      0.42
  1912      08        2.61      0.39
  1912      09        2.60      0.38
  1912      10        2.55      0.40
  1912      11        2.50      0.42
  1912      12        2.44      0.44
  1913      01        2.41      0.45
  1913      02        2.40      0.45
  1913      03        2.34      0.38
  1913      04        2.28      0.29
  1913      05        2.26      0.28
  1913      06        2.24      0.24
  1913      07        2.23      0.20
  1913      08        2.23      0.20
  1913      09        2.25      0.21
  1913      10        2.37      0.51
  1913      11        2.51      0.67
  1913      12        2.61      0.69
  1914      01        2.70      0.71
  1914      02        2.77      0.69
  1914      03        2.89      0.69
  1914      04        2.99      0.70
  1914      05        3.13      0.73
  1914      06        3.34      0.83
  1914      07        3.57      0.95
  1914      08        3.88      1.16
  1914      09        4.26      1.35
  1914      10        4.54      1.48
  1914      11        4.76      1.53
  1914      12        5.09      1.63
  1915      01        5.57      1.86
  1915      02        6.11      1.97
  1915      03        6.54      1.93
  1915      04        6.91      1.74
  1915      05        7.24      1.48
  1915      06        7.42      1.31
  1915      07        7.57      1.15
  1915      08        7.71      1.06
  1915      09        7.87      1.08
  1915      10        8.07      1.12
  1915      11        8.34      1.06
  1915      12        8.51      0.96
  1916      01        8.46      0.95
  1916      02        8.27      0.98
  1916      03        8.13      1.02
  1916      04        8.08      1.04
  1916      05        8.13      1.05
  1916      06        8.26      1.00
  1916      07        8.41      0.98
  1916      08        8.55      1.02
  1916      09        8.68      1.15
  1916      10        8.75      1.24
  1916      11        8.85      1.40
  1916      12        9.09      1.68
  1917      01        9.42      1.89
  1917      02        9.93      2.03
  1917      03       10.48      2.03
  1917      04       10.79      1.89
  1917      05       10.96      1.75
  1917      06       11.25      1.63
  1917      07       11.51      1.48
  1917      08       11.55      1.47
  1917      09       11.47      1.54
  1917      10       11.44      1.54
  1917      11       11.38      1.53
  1917      12       11.12      1.65
  1918      01       10.92      1.71
  1918      02       10.79      1.56
  1918      03       10.57      1.34
  1918      04       10.49      1.24
  1918      05       10.47      1.22
  1918      06       10.24      1.16
  1918      07        9.92      1.14
  1918      08        9.80      1.19
  1918      09        9.82      1.18
  1918      10        9.72      1.24
  1918      11        9.66      1.29
  1918      12        9.85      1.35
  1919      01        9.90      1.33
  1919      02        9.69      1.22
  1919      03        9.53      1.18
  1919      04        9.35      1.20
  1919      05        9.13      1.27
  1919      06        8.93      1.40
  1919      07        8.85      1.47
  1919      08        8.79      1.45
  1919      09        8.71      1.43
  1919      10        8.55      1.67
  1919      11        8.22      1.86
  1919      12        7.84      1.63
  1920      01        7.49      1.38
  1920      02        7.17      1.40
  1920      03        6.90      1.37
  1920      04        6.83      1.33
  1920      05        6.77      1.35
  1920      06        6.69      1.37
  1920      07        6.60      1.35
  1920      08        6.44      1.28
  1920      09        6.21      1.10
  1920      10        6.15      0.85
  1920      11        6.18      0.80
  1920      12        6.09      0.81
  1921      01        6.10      0.81
  1921      02        6.16      0.80
  1921      03        6.09      0.83
  1921      04        5.87      0.82
  1921      05        5.67      0.77
  1921      06        5.56      0.82
  1921      07        5.41      0.88
  1921      08        5.28      0.90
  1921      09        5.35      1.02
  1921      10        5.32      1.17
  1921      11        5.14      1.26
  1921      12        4.92      1.36
  1922      01        4.64      1.32
  1922      02        4.41      1.26
  1922      03        4.24      1.32
  1922      04        4.10      1.37
  1922      05        3.98      1.39
  1922      06        3.92      1.39
  1922      07        3.86      1.41
  1922      08        3.68      1.42
  1922      09        3.33      1.09
  1922      10        3.08      0.57
  1922      11        3.02      0.56
  1922      12        3.01      0.58
  1923      01        2.98      0.57
  1923      02        2.90      0.59
  1923      03        2.92      0.65
  1923      04        3.01      0.71
  1923      05        3.06      0.74
  1923      06        2.99      0.69
  1923      07        2.88      0.64
  1923      08        2.87      0.65
  1923      09        2.89      0.64
  1923      10        2.90      0.67
  1923      11        3.03      0.79
  1923      12        3.22      0.98
  1924      01        3.44      1.18
  1924      02        3.70      1.24
  1924      03        3.88      1.27
  1924      04        4.02      1.36
  1924      05        4.16      1.41
  1924      06        4.30      1.36
  1924      07        4.41      1.26
  1924      08        4.55      1.16
  1924      09        4.75      0.99
  1924      10        4.96      0.84
  1924      11        5.17      0.95
  1924      12        5.34      1.11
  1925      01        5.46      1.20
  1925      02        5.58      1.25
  1925      03        5.79      1.41
  1925      04        6.07      1.68
  1925      05        6.37      1.83
  1925      06        6.80      2.04
  1925      07        7.37      2.03
  1925      08        7.82      1.80
  1925      09        8.16      1.60
  1925      10        8.37      1.39
  1925      11        8.47      1.34
  1925      12        8.65      1.31
  1926      01        8.79      1.26
  1926      02        8.91      1.14
  1926      03        9.00      1.04
  1926      04        9.00      1.05
  1926      05        9.02      1.04
  1926      06        8.98      0.95
  1926      07        8.96      0.89
  1926      08        9.05      0.99
  1926      09        9.13      1.05
  1926      10        9.32      1.00
  1926      11        9.53      0.93
  1926      12        9.52      0.95
  1927      01        9.51      0.92
  1927      02        9.51      0.90
  1927      03        9.50      0.91
  1927      04        9.51      0.91
  1927      05        9.51      0.90
  1927      06        9.42      0.97
  1927      07        9.31      1.05
  1927      08        9.26      1.01
  1927      09        9.26      0.99
  1927      10        9.27      0.98
  1927      11        9.20      0.91
  1927      12        9.26      0.93
  1928      01        9.46      1.01
  1928      02        9.68      1.02
  1928      03        9.83      1.00
  1928      04        9.88      1.01
  1928      05        9.82      1.08
  1928      06        9.81      1.07
  1928      07        9.81      0.98
  1928      08        9.75      0.99
  1928      09        9.61      1.05
  1928      10        9.43      1.11
  1928      11        9.33      1.13
  1928      12        9.26      1.11
  1929      01        9.14      0.99
  1929      02        9.02      0.84
  1929      03        8.78      0.83
  1929      04        8.58      0.84
  1929      05        8.65      0.89
  1929      06        8.89      1.11
  1929      07        9.02      1.25
  1929      08        8.95      1.28
  1929      09        8.85      1.37
  1929      10        8.74      1.47
  1929      11        8.61      1.55
  1929      12        8.38      1.65
  1930      01        8.05      1.77
  1930      02        7.72      1.87
  1930      03        7.56      1.90
  1930      04        7.47      1.92
  1930      05        7.24      1.83
  1930      06        6.82      1.44
  1930      07        6.36      0.96
  1930      08        6.14      0.84
  1930      09        6.10      0.81
  1930      10        6.05      0.78
  1930      11        5.97      0.74
  1930      12        5.84      0.80
  1931      01        5.74      0.90
  1931      02        5.64      0.99
  1931      03        5.52      1.05
  1931      04        5.35      1.08
  1931      05        5.15      1.08
  1931      06        5.04      1.05
  1931      07        4.99      1.06
  1931      08        4.82      1.00
  1931      09        4.57      0.87
  1931      10        4.35      0.73
  1931      11        4.20      0.55
  1931      12        4.21      0.53
  1932      01        4.21      0.58
  1932      02        4.13      0.63
  1932      03        4.00      0.70
  1932      04        3.89      0.73
  1932      05        3.82      0.73
  1932      06        3.73      0.69
  1932      07        3.69      0.66
  1932      08        3.74      0.69
  1932      09        3.78      0.72
  1932      10        3.73      0.77
  1932      11        3.59      0.81
  1932      12        3.40      0.74
  1933      01        3.26      0.66
  1933      02        3.17      0.71
  1933      03        3.13      0.74
  1933      04        3.10      0.75
  1933      05        3.02      0.78
  1933      06        2.90      0.80
  1933      07        2.77      0.77
  1933      08        2.65      0.61
  1933      09        2.55      0.40
  1933      10        2.57      0.42
  1933      11        2.72      0.66
  1933      12        2.83      0.79
  1934      01        2.88      0.79
  1934      02        2.97      0.78
  1934      03        3.02      0.76
  1934      04        3.03      0.75
  1934      05        3.10      0.72
  1934      06        3.24      0.68
  1934      07        3.43      0.71
  1934      08        3.60      0.80
  1934      09        3.78      0.87
  1934      10        3.89      0.87
  1934      11        3.92      0.91
  1934      12        4.14      1.19
  1935      01        4.46      1.42
  1935      02        4.71      1.46
  1935      03        5.03      1.47
  1935      04        5.44      1.47
  1935      05        5.90      1.54
  1935      06        6.33      1.61
  1935      07        6.70      1.66
  1935      08        7.07      1.73
  1935      09        7.47      1.79
  1935      10        7.93      1.65
  1935      11        8.30      1.36
  1935      12        8.49      1.24
  1936      01        8.64      1.17
  1936      02        8.90      1.02
  1936      03        9.19      0.85
  1936      04        9.41      0.78
  1936      05        9.64      0.92
  1936      06        9.92      1.15
  1936      07       10.24      1.36
  1936      08       10.53      1.52
  1936      09       10.67      1.58
  1936      10       10.75      1.58
  1936      11       10.99      1.52
  1936      12       11.29      1.44
  1937      01       11.66      1.33
  1937      02       12.00      1.19
  1937      03       12.18      1.11
  1937      04       12.33      0.97
  1937      05       12.32      1.05
  1937      06       12.14      1.20
  1937      07       11.99      1.23
  1937      08       11.90      1.20
  1937      09       11.89      1.17
  1937      10       11.89      1.16
  1937      11       11.91      1.18
  1937      12       11.88      1.18
  1938      01       11.85      1.25
  1938      02       11.85      1.30
  1938      03       11.77      1.28
  1938      04       11.68      1.28
  1938      05       11.73      1.23
  1938      06       11.86      1.16
  1938      07       11.83      1.18
  1938      08       11.69      1.26
  1938      09       11.53      1.37
  1938      10       11.49      1.44
  1938      11       11.49      1.43
  1938      12       11.47      1.41
  1939      01       11.33      1.24
  1939      02       11.16      0.99
  1939      03       11.20      0.98
  1939      04       11.24      1.00
  1939      05       11.09      1.02
  1939      06       10.80      1.25
  1939      07       10.57      1.51
  1939      08       10.43      1.62
  1939      09       10.43      1.62
  1939      10       10.36      1.60
  1939      11       10.06      1.57
  1939      12        9.84      1.50
  1940      01        9.72      1.43
  1940      02        9.64      1.40
  1940      03        9.52      1.31
  1940      04        9.30      1.17
  1940      05        9.17      1.14
  1940      06        9.21      1.09
  1940      07        9.26      1.05
  1940      08        9.18      1.13
  1940      09        9.01      1.18
  1940      10        8.80      1.26
  1940      11        8.61      1.44
  1940      12        8.45      1.47
  1941      01        8.37      1.41
  1941      02        8.23      1.22
  1941      03        8.10      0.97
  1941      04        8.07      0.97
  1941      05        7.96      1.00
  1941      06        7.76      1.03
  1941      07        7.60      1.05
  1941      08        7.59      1.07
  1941      09        7.63      1.08
  1941      10        7.73      1.08
  1941      11        7.80      1.11
  1941      12        7.57      1.39
  1942      01        7.18      1.61
  1942      02        6.84      1.65
  1942      03        6.50      1.61
  1942      04        6.19      1.55
  1942      05        6.04      1.53
  1942      06        5.97      1.53
  1942      07        5.82      1.58
  1942      08        5.61      1.52
  1942      09        5.43      1.34
  1942      10        5.22      1.02
  1942      11        5.04      0.74
  1942      12        4.96      0.80
  1943      01        4.91      0.86
  1943      02        4.88      0.87
  1943      03        4.83      0.91
  1943      04        4.72      0.99
  1943      05        4.55      1.01
  1943      06        4.43      0.96
  1943      07        4.35      1.01
  1943      08        4.14      1.11
  1943      09        3.89      1.05
  1943      10        3.64      0.94
  1943      11        3.41      0.90
  1943      12        3.32      0.91
  1944      01        3.25      0.91
  1944      02        3.18      0.88
  1944      03        3.20      0.88
  1944      04        3.28      0.94
  1944      05        3.34      0.98
  1944      06        3.39      1.06
  1944      07        3.52      1.15
  1944      08        3.70      1.12
  1944      09        3.84      1.10
  1944      10        4.07      1.14
  1944      11        4.40      1.13
  1944      12        4.72      1.11
  1945      01        5.06      1.08
  1945      02        5.27      1.03
  1945      03        5.40      1.02
  1945      04        5.70      1.26
  1945      05        6.07      1.42
  1945      06        6.24      1.37
  1945      07        6.37      1.36
  1945      08        6.76      1.47
  1945      09        7.23      1.60
  1945      10        7.60      1.68
  1945      11        7.93      1.75
  1945      12        8.23      1.78
  1946      01        8.58      1.91
  1946      02        9.06      1.98
  1946      03        9.52      1.84
  1946      04        9.79      1.79
  1946      05       10.09      1.85
  1946      06       10.57      1.67
  1946      07       10.88      1.35
  1946      08       10.85      1.33
  1946      09       10.74      1.42
  1946      10       10.67      1.48
  1946      11       10.70      1.49
  1946      12       10.75      1.48
  1947      01       10.66      1.44
  1947      02       10.52      1.38
  1947      03       10.44      1.35
  1947      04       10.34      1.32
  1947      05       10.12      1.23
  1947      06        9.79      1.02
  1947      07        9.61      0.86
  1947      08        9.53      0.98
  1947      09        9.41      1.13
  1947      10        9.41      1.22
  1947      11        9.44      1.22
  1947      12        9.41      1.19
  1948      01        9.40      1.19
  1948      02        9.34      1.15
  1948      03        9.27      1.11
  1948      04        9.20      1.08
  1948      05        9.11      1.10
  1948      06        9.10      1.13
  1948      07        9.14      1.12
  1948      08        9.29      1.08
  1948      09        9.53      0.96
  1948      10        9.57      0.83
  1948      11        9.43      0.81
  1948      12        9.27      0.81
  1949      01        9.17      0.80
  1949      02        9.09      0.79
  1949      03        9.04      0.77
  1949      04        9.04      0.78
  1949      05        9.11      0.73
  1949      06        9.16      0.69
  1949      07        9.10      0.73
  1949      08        8.94      0.75
  1949      09        8.73      0.69
  1949      10        8.61      0.62
  1949      11        8.56      0.58
  1949      12        8.50      0.64
  1950      01        8.38      0.71
  1950      02        8.28      0.75
  1950      03        8.06      0.89
  1950      04        7.77      1.00
  1950      05        7.50      1.02
  1950      06        7.21      1.02
  1950      07        6.99      1.06
  1950      08        6.85      1.06
  1950      09        6.69      1.04
  1950      10        6.55      0.95
  1950      11        6.51      0.87
  1950      12        6.52      0.88
  1951      01        6.48      0.88
  1951      02        6.36      0.84
  1951      03        6.37      0.83
  1951      04        6.41      0.84
  1951      05        6.39      0.86
  1951      06        6.38      0.86
  1951      07        6.34      0.91
  1951      08        6.18      1.12
  1951      09        5.95      1.39
  1951      10        5.70      1.50
  1951      11        5.39      1.44
  1951      12        5.09      1.28
  1952      01        4.91      1.14
  1952      02        4.85      1.11
  1952      03        4.71      1.01
  1952      04        4.50      0.88
  1952      05        4.34      0.83
  1952      06        4.21      0.77
  1952      07        4.11      0.73
  1952      08        3.96      0.93
  1952      09        3.82      1.15
  1952      10        3.74      1.19
  1952      11        3.66      1.22
  1952      12        3.56      1.22
  1953      01        3.40      1.23
  1953      02        3.16      1.12
  1953      03        3.02      0.96
  1953      04        2.93      0.95
  1953      05        2.72      1.05
  1953      06        2.44      1.13
  1953      07        2.15      1.16
  1953      08        1.97      1.24
  1953      09        1.93      1.27
  1953      10        1.80      1.26
  1953      11        1.59      1.26
  1953      12        1.34      1.22
  1954      01        1.18      1.13
  1954      02        1.11      1.07
  1954      03        0.95      0.89
  1954      04        0.81      0.71
  1954      05        0.85      0.71
  1954      06        0.94      0.74
  1954      07        1.13      0.91
  1954      08        1.42      1.08
  1954      09        1.53      1.12
  1954      10        1.56      1.11
  1954      11        1.78      1.14
  1954      12        2.10      1.17
  1955      01        2.37      1.18
  1955      02        2.59      1.28
  1955      03        2.89      1.33
  1955      04        3.24      1.34
  1955      05        3.64      1.54
  1955      06        4.10      1.69
  1955      07        4.44      1.76
  1955      08        4.77      1.94
  1955      09        5.29      2.01
  1955      10        5.85      1.85
  1955      11        6.32      1.78
  1955      12        6.73      1.76
  1956      01        7.13      1.62
  1956      02        7.58      1.52
  1956      03        8.03      1.46
  1956      04        8.44      1.29
  1956      05        8.78      1.25
  1956      06        9.11      1.30
  1956      07        9.43      1.16
  1956      08        9.60      0.99
  1956      09        9.68      0.94
  1956      10        9.83      0.87
  1956      11        9.97      0.79
  1956      12       10.12      0.75
  1957      01       10.31      0.66
  1957      02       10.37      0.61
  1957      03       10.43      0.72
  1957      04       10.62      0.90
  1957      05       10.75      0.98
  1957      06       10.81      1.04
  1957      07       10.91      1.07
  1957      08       11.00      0.99
  1957      09       11.09      0.89
  1957      10       11.15      0.85
  1957      11       11.19      0.83
  1957      12       11.17      0.83
  1958      01       11.14      0.84
  1958      02       11.20      0.80
  1958      03       11.21      0.73
  1958      04       11.09      0.63
  1958      05       10.93      0.59
  1958      06       10.78      0.56
  1958      07       10.74      0.50
  1958      08       10.73      0.58
  1958      09       10.69      0.62
  1958      10       10.65      0.63
  1958      11       10.61      0.63
  1958      12       10.60      0.64
  1959      01       10.55      0.66
  1959      02       10.49      0.67
  1959      03       10.42      0.68
  1959      04       10.25      0.78
  1959      05       10.11      0.90
  1959      06       10.00      0.96
  1959      07        9.83      0.90
  1959      08        9.68      0.88
  1959      09        9.50      0.96
  1959      10        9.33      0.97
  1959      11        9.20      0.94
  1959      12        9.05      0.90
  1960      01        8.92      0.86
  1960      02        8.78      0.69
  1960      03        8.65      0.45
  1960      04        8.57      0.52
  1960      05        8.46      0.63
  1960      06        8.34      0.69
  1960      07        8.12      0.81
  1960      08        7.86      1.02
  1960      09        7.65      1.21
  1960      10        7.45      1.27
  1960      11        7.21      1.28
  1960      12        7.02      1.26
  1961      01        6.88      1.19
  1961      02        6.66      1.06
  1961      03        6.42      0.85
  1961      04        6.22      0.73
  1961      05        5.98      0.81
  1961      06        5.73      0.81
  1961      07        5.56      0.80
  1961      08        5.51      0.82
  1961      09        5.49      0.83
  1961      10        5.43      0.82
  1961      11        5.38      0.80
  1961      12        5.29      0.74
  1962      01        5.10      0.68
  1962      02        4.88      0.72
  1962      03        4.75      0.71
  1962      04        4.74      0.66
  1962      05        4.73      0.68
  1962      06        4.68      0.73
  1962      07        4.59      0.80
  1962      08        4.48      0.82
  1962      09        4.34      0.83
  1962      10        4.20      0.82
  1962      11        4.13      0.79
  1962      12        4.10      0.76
  1963      01        4.08      0.75
  1963      02        4.11      0.74
  1963      03        4.10      0.66
  1963      04        4.04      0.57
  1963      05        4.01      0.55
  1963      06        3.97      0.60
  1963      07        3.93      0.65
  1963      08        3.87      0.70
  1963      09        3.83      0.74
  1963      10        3.75      0.82
  1963      11        3.57      0.86
  1963      12        3.35      0.85
  1964      01        3.14      0.97
  1964      02        2.93      1.04
  1964      03        2.68      1.01
  1964      04        2.42      0.91
  1964      05        2.21      0.77
  1964      06        2.14      0.71
  1964      07        2.14      0.72
  1964      08        2.15      0.72
  1964      09        2.13      0.70
  1964      10        2.08      0.69
  1964      11        2.10      0.73
  1964      12        2.17      0.77
  1965      01        2.26      0.74
  1965      02        2.32      0.68
  1965      03        2.41      0.65
  1965      04        2.57      0.58
  1965      05        2.68      0.52
  1965      06        2.72      0.49
  1965      07        2.76      0.53
  1965      08        2.83      0.61
  1965      09        2.92      0.67
  1965      10        3.12      0.79
  1965      11        3.37      0.93
  1965      12        3.55      1.06
  1966      01        3.81      1.16
  1966      02        4.10      1.16
  1966      03        4.34      1.10
  1966      04        4.55      1.11
  1966      05        4.80      1.05
  1966      06        5.08      0.94
  1966      07        5.41      1.03
  1966      08        5.75      1.13
  1966      09        6.09      1.12
  1966      10        6.33      1.08
  1966      11        6.45      1.04
  1966      12        6.57      0.98
  1967      01        6.67      0.95
  1967      02        6.85      0.95
  1967      03        7.02      0.89
  1967      04        7.14      0.80
  1967      05        7.26      0.72
  1967      06        7.43      0.71
  1967      07        7.54      0.76
  1967      08        7.58      0.79
  1967      09        7.58      0.79
  1967      10        7.57      0.75
  1967      11        7.68      0.76
  1967      12        7.84      0.74
  1968      01        7.93      0.67
  1968      02        7.94      0.67
  1968      03        8.01      0.64
  1968      04        8.11      0.58
  1968      05        8.14      0.57
  1968      06        8.10      0.56
  1968      07        8.05      0.52
  1968      08        8.04      0.52
  1968      09        8.12      0.56
  1968      10        8.24      0.54
  1968      11        8.26      0.47
  1968      12        8.23      0.45
  1969      01        8.21      0.46
  1969      02        8.19      0.47
  1969      03        8.12      0.49
  1969      04        8.06      0.51
  1969      05        8.05      0.50
  1969      06        8.04      0.49
  1969      07        8.02      0.49
  1969      08        8.04      0.51
  1969      09        8.01      0.48
  1969      10        7.96      0.41
  1969      11        7.98      0.44
  1969      12        8.01      0.47
  1970      01        8.04      0.47
  1970      02        8.07      0.47
  1970      03        8.08      0.45
  1970      04        8.08      0.46
  1970      05        8.07      0.47
  1970      06        8.05      0.50
  1970      07        8.00      0.53
  1970      08        7.89      0.53
  1970      09        7.74      0.61
  1970      10        7.60      0.71
  1970      11        7.41      0.73
  1970      12        7.17      0.78
  1971      01        7.01      0.78
  1971      02        6.90      0.74
  1971      03        6.73      0.75
  1971      04        6.56      0.76
  1971      05        6.43      0.73
  1971      06        6.37      0.68
  1971      07        6.30      0.63
  1971      08        6.25      0.59
  1971      09        6.30      0.63
  1971      10        6.32      0.64
  1971      11        6.35      0.64
  1971      12        6.47      0.65
  1972      01        6.54      0.63
  1972      02        6.57      0.62
  1972      03        6.63      0.58
  1972      04        6.68      0.51
  1972      05        6.64      0.58
  1972      06        6.51      0.71
  1972      07        6.39      0.78
  1972      08        6.26      0.84
  1972      09        6.10      0.84
  1972      10        6.01      0.83
  1972      11        5.92      0.83
  1972      12        5.73      0.77
  1973      01        5.49      0.76
  1973      02        5.21      0.80
  1973      03        5.05      0.77
  1973      04        4.94      0.74
  1973      05        4.78      0.79
  1973      06        4.63      0.88
  1973      07        4.48      0.93
  1973      08        4.37      0.94
  1973      09        4.25      0.92
  1973      10        4.14      0.83
  1973      11        4.06      0.74
  1973      12        4.02      0.71
  1974      01        4.10      0.78
  1974      02        4.23      0.84
  1974      03        4.23      0.78
  1974      04        4.24      0.74
  1974      05        4.31      0.73
  1974      06        4.34      0.71
  1974      07        4.33      0.72
  1974      08        4.26      0.83
  1974      09        4.14      0.99
  1974      10        3.93      1.19
  1974      11        3.67      1.35
  1974      12        3.47      1.40
  1975      01        3.30      1.31
  1975      02        3.24      1.23
  1975      03        3.17      1.21
  1975      04        2.96      1.11
  1975      05        2.80      1.00
  1975      06        2.70      0.99
  1975      07        2.56      1.01
  1975      08        2.44      1.05
  1975      09        2.44      1.10
  1975      10        2.57      1.10
  1975      11        2.69      1.05
  1975      12        2.74      1.03
  1976      01        2.59      1.07
  1976      02        2.38      0.99
  1976      03        2.33      0.89
  1976      04        2.39      0.92
  1976      05        2.38      0.96
  1976      06        2.35      0.96
  1976      07        2.45      0.95
  1976      08        2.60      0.91
  1976      09        2.66      0.86
  1976      10        2.58      0.84
  1976      11        2.58      0.84
  1976      12        2.71      0.96
  1977      01        2.92      0.94
  1977      02        3.08      0.84
  1977      03        3.23      0.97
  1977      04        3.40      1.11
  1977      05        3.59      1.09
  1977      06        3.81      1.01
  1977      07        4.01      1.04
  1977      08        4.29      1.26
  1977      09        4.65      1.40
  1977      10        5.07      1.42
  1977      11        5.45      1.42
  1977      12        5.72      1.43
  1978      01        5.97      1.37
  1978      02        6.17      1.20
  1978      03        6.41      1.28
  1978      04        6.73      1.41
  1978      05        7.03      1.34
  1978      06        7.32      1.17
  1978      07        7.67      1.16
  1978      08        7.94      1.20
  1978      09        8.11      1.23
  1978      10        8.22      1.23
  1978      11        8.30      1.22
  1978      12        8.47      1.22
  1979      01        8.70      1.18
  1979      02        8.99      0.94
  1979      03        9.20      0.78
  1979      04        9.35      0.90
  1979      05        9.55      0.91
  1979      06        9.74      0.85
  1979      07        9.80      0.82
  1979      08        9.81      0.81
  1979      09        9.81      0.83
  1979      10        9.88      0.76
  1979      11       10.03      0.63
  1979      12       10.10      0.61
  1980      01       10.08      0.64
  1980      02       10.03      0.68
  1980      03        9.98      0.67
  1980      04        9.90      0.61
  1980      05        9.83      0.56
  1980      06        9.79      0.54
  1980      07        9.73      0.58
  1980      08        9.77      0.77
  1980      09        9.97      0.90
  1980      10       10.19      1.08
  1980      11       10.42      1.34
  1980      12       10.51      1.45
  1981      01       10.62      1.46
  1981      02       10.91      1.49
  1981      03       11.30      1.68
  1981      04       11.57      1.79
  1981      05       11.77      1.73
  1981      06       11.93      1.68
  1981      07       11.98      1.60
  1981      08       12.01      1.53
  1981      09       12.00      1.54
  1981      10       11.78      1.72
  1981      11       11.35      1.97
  1981      12       11.16      2.04
  1982      01       11.21      2.02
  1982      02       11.13      1.98
  1982      03       10.80      1.77
  1982      04       10.49      1.55
  1982      05       10.44      1.58
  1982      06       10.58      1.73
  1982      07       10.63      1.92
  1982      08       10.30      2.20
  1982      09        9.85      2.46
  1982      10        9.70      2.51
  1982      11        9.78      2.47
  1982      12        9.72      2.47
  1983      01        9.40      2.48
  1983      02        9.05      2.42
  1983      03        8.75      2.49
  1983      04        8.45      2.61
  1983      05        7.98      2.44
  1983      06        7.28      1.86
  1983      07        6.83      1.33
  1983      08        6.84      1.32
  1983      09        7.03      1.34
  1983      10        7.03      1.32
  1983      11        6.87      1.19
  1983      12        6.67      1.15
  1984      01        6.45      1.22
  1984      02        6.15      1.36
  1984      03        5.87      1.51
  1984      04        5.65      1.67
  1984      05        5.43      1.78
  1984      06        5.28      1.86
  1984      07        5.09      1.94
  1984      08        4.77      1.91
  1984      09        4.34      1.65
  1984      10        3.96      1.28
  1984      11        3.66      0.92
  1984      12        3.44      0.54
  1985      01        3.32      0.34
  1985      02        3.24      0.22
  1985      03        3.16      0.33
  1985      04        3.11      0.40
  1985      05        3.08      0.41
  1985      06        3.05      0.44
  1985      07        3.04      0.48
  1985      08        3.03      0.50
  1985      09        3.06      0.50
  1985      10        3.07      0.51
  1985      11        3.05      0.51
  1985      12        2.98      0.54
  1986      01        2.91      0.56
  1986      02        2.85      0.60
  1986      03        2.82      0.63
  1986      04        2.85      0.64
  1986      05        2.91      0.67
  1986      06        2.90      0.65
  1986      07        2.84      0.63
  1986      08        2.79      0.64
  1986      09        2.71      0.63
  1986      10        2.70      0.65
  1986      11        2.74      0.69
  1986      12        2.80      0.68
  1987      01        2.87      0.69
  1987      02        2.96      0.67
  1987      03        3.06      0.60
  1987      04        3.13      0.64
  1987      05        3.22      0.76
  1987      06        3.30      0.81
  1987      07        3.44      0.85
  1987      08        3.64      0.86
  1987      09        3.85      0.85
  1987      10        4.08      0.97
  1987      11        4.28      1.10
  1987      12        4.60      1.29
  1988      01        5.05      1.67
  1988      02        5.51      1.91
  1988      03        5.98      1.98
  1988      04        6.43      2.06
  1988      05        6.79      2.11
  1988      06        7.37      2.27
  1988      07        8.17      2.66
  1988      08        8.89      2.82
  1988      09        9.41      2.62
  1988      10        9.73      2.40
  1988      11       10.05      2.13
  1988      12       10.52      2.08
  1989      01       10.82      2.16
  1989      02       11.02      2.13
  1989      03       11.41      2.12
  1989      04       11.67      2.09
  1989      05       11.99      2.02
  1989      06       12.24      1.96
  1989      07       12.19      1.92
  1989      08       12.04      1.91
  1989      09       11.97      1.93
  1989      10       12.00      1.89
  1989      11       11.98      1.91
  1989      12       11.70      1.95
  1990      01       11.42      1.95
  1990      02       11.37      1.96
  1990      03       11.14      1.91
  1990      04       10.97      1.87
  1990      05       10.89      1.72
  1990      06       10.70      1.46
  1990      07       10.66      1.43
  1990      08       10.81      1.55
  1990      09       10.99      1.62
  1990      10       11.11      1.60
  1990      11       11.18      1.57
  1990      12       11.32      1.50
  1991      01       11.61      1.37
  1991      02       11.78      1.31
  1991      03       11.88      1.20
  1991      04       11.99      1.06
  1991      05       11.93      1.16
  1991      06       11.94      1.29
  1991      07       11.97      1.29
  1991      08       11.94      1.28
  1991      09       11.85      1.46
  1991      10       11.62      1.70
  1991      11       11.42      1.93
  1991      12       11.09      2.27
  1992      01       10.62      2.50
  1992      02       10.13      2.61
  1992      03        9.63      2.80
  1992      04        9.20      2.84
  1992      05        8.93      2.77
  1992      06        8.63      2.58
  1992      07        8.12      2.26
  1992      08        7.60      1.71
  1992      09        7.25      1.06
  1992      10        7.06      0.99
  1992      11        6.88      0.97
  1992      12        6.73      1.07
  1993      01        6.57      1.15
  1993      02        6.42      1.21
  1993      03        6.30      1.32
  1993      04        6.14      1.35
  1993      05        5.87      1.29
  1993      06        5.61      1.14
  1993      07        5.52      1.02
  1993      08        5.39      0.90
  1993      09        5.14      0.75
  1993      10        4.91      0.75
  1993      11        4.71      0.75
  1993      12        4.61      0.78
  1994      01        4.54      0.77
  1994      02        4.41      0.82
  1994      03        4.32      0.87
  1994      04        4.24      0.86
  1994      05        4.17      0.84
  1994      06        4.06      0.81
  1994      07        3.91      0.64
  1994      08        3.82      0.46
  1994      09        3.77      0.43
  1994      10        3.74      0.45
  1994      11        3.67      0.53
  1994      12        3.58      0.57
  1995      01        3.49      0.56
  1995      02        3.44      0.56
  1995      03        3.40      0.58
  1995      04        3.32      0.58
  1995      05        3.24      0.57
  1995      06        3.18      0.56
  1995      07        3.07      0.47
  1995      08        2.96      0.30
  1995      09        2.88      0.24
  1995      10        2.82      0.23
  1995      11        2.79      0.24
  1995      12        2.76      0.23
  1996      01        2.71      0.23
  1996      02        2.69      0.23
  1996      03        2.67      0.24
  1996      04        2.61      0.25
  1996      05        2.62      0.37
  1996      06        2.65      0.45
  1996      07        2.64      0.45
  1996      08        2.64      0.46
  1996      09        2.61      0.46
  1996      10        2.62      0.47
  1996      11        2.64      0.47
  1996      12        2.63      0.47
  1997      01        2.68      0.52
  1997      02        2.76      0.58
  1997      03        2.86      0.66
  1997      04        3.00      0.69
  1997      05        3.08      0.70
  1997      06        3.18      0.76
  1997      07        3.31      0.81
  1997      08        3.45      0.83
  1997      09        3.66      0.89
  1997      10        3.96      1.05
  1997      11        4.20      1.09
  1997      12        4.43      0.98
  1998      01        4.67      0.94
  1998      02        4.92      1.03
  1998      03        5.24      1.22
  1998      04        5.51      1.27
  1998      05        5.71      1.18
  1998      06        5.98      1.27
  1998      07        6.29      1.30
  1998      08        6.50      1.17
  1998      09        6.63      1.06
  1998      10        6.68      1.04
  1998      11        6.85      1.00
  1998      12        7.20      1.10
  1999      01        7.51      1.22
  1999      02        7.84      1.54
  1999      03        7.98      1.81
  1999      04        8.05      1.84
  1999      05        8.42      1.92
  1999      06        8.64      2.00
  1999      07        8.73      1.98
  1999      08        8.97      1.92
  1999      09        9.34      1.87
  1999      10        9.68      1.75
  1999      11        9.86      1.62
  1999      12        9.86      1.61
  2000      01        9.89      1.64
  2000      02        9.84      1.58
  2000      03        9.86      1.32
  2000      04        9.94      1.19
  2000      05        9.71      1.23
  2000      06        9.54      1.20
  2000      07        9.49      1.23
  2000      08        9.38      1.26
  2000      09        9.24      1.19
  2000      10        9.17      1.10
  2000      11        9.08      1.10
  2000      12        9.09      1.15
  2001      01        9.04      1.10
  2001      02        8.92      1.01
  2001      03        8.99      1.14
  2001      04        9.22      1.28
  2001      05        9.55      1.44
  2001      06        9.90      1.61
  2001      07       10.17      1.63
  2001      08       10.38      1.54
  2001      09       10.43      1.50
  2001      10       10.36      1.53
  2001      11       10.43      1.45
  2001      12       10.36      1.51
  2002      01       10.31      1.57
  2002      02       10.39      1.50
  2002      03       10.32      1.46
  2002      04       10.10      1.49
  2002      05        9.76      1.47
  2002      06        9.41      1.25
  2002      07        9.10      1.11
  2002      08        8.71      1.23
  2002      09        8.41      1.32
  2002      10        8.19      1.39
  2002      11        7.91      1.43
  2002      12        7.76      1.43
  2003      01        7.66      1.35
  2003      02        7.46      1.20
  2003      03        7.19      1.06
  2003      04        7.02      0.97
  2003      05        6.94      0.97
  2003      06        6.71      0.94
  2003      07        6.46      0.93
  2003      08        6.38      0.96
  2003      09        6.30      1.00
  2003      10        6.15      1.07
  2003      11        6.05      1.11
  2003      12        5.97      1.09
  2004      01        5.93      1.05
  2004      02        5.84      1.03
  2004      03        5.73      1.02
  2004      04        5.58      0.92
  2004      05        5.41      0.78
  2004      06        5.30      0.88
  2004      07        5.18      1.00
  2004      08        5.07      1.05
  2004      09        4.94      1.10
  2004      10        4.84      1.17
  2004      11        4.80      1.20
  2004      12        4.75      1.17
  2005      01        4.60      0.97
  2005      02        4.51      0.76
  2005      03        4.46      0.76
  2005      04        4.32      0.82
  2005      05        4.17      0.86
  2005      06        4.13      0.83
  2005      07        4.10      0.86
  2005      08        4.02      0.92
  2005      09        3.97      0.94
  2005      10        4.00      0.95
  2005      11        3.97      0.89
  2005      12        3.81      0.83
  2006      01        3.61      0.78
  2006      02        3.36      0.69
  2006      03        3.19      0.63
  2006      04        3.11      0.66
  2006      05        3.07      0.67
  2006      06        3.03      0.65
  2006      07        3.00      0.63
  2006      08        2.97      0.65
  2006      09        2.91      0.65
  2006      10        2.79      0.56
  2006      11        2.65      0.40
  2006      12        2.60      0.33
  2007      01        2.59      0.36
  2007      02        2.55      0.40
  2007      03        2.52      0.43
  2007      04        2.50      0.44
  2007      05        2.46      0.42
  2007      06        2.41      0.38
  2007      07        2.38      0.35
  2007      08        2.36      0.35
  2007      09        2.35      0.34
  2007      10        2.34      0.34
  2007      11        2.33      0.35
  2007      12        2.30      0.33
  2008      01        2.26      0.29
  2008      02        2.27      0.28
  2008      03        2.29      0.26
  2008      04        2.30      0.26
  2008      05        2.29      0.27
  2008      06        2.25      0.25
  2008      07        2.19      0.23
  2008      08        2.17      0.24
  2008      09        2.14      0.22
  2008      10        2.12      0.21
  2008      11        2.10      0.18
  2008      12        2.10      0.15
  2009      01        2.14      0.17
  2009      02        2.15      0.17
  2009      03        2.14      0.17
  2009      04        2.15      0.18
  2009      05        2.19      0.22
  2009      06        2.25      0.26
  2009      07        2.30      0.27
  2009      08        2.32      0.26
  2009      09        2.38      0.28
  2009      10        2.44      0.30
  2009      11        2.50      0.31
  2009      12        2.54      0.32
  2010      01        2.58      0.34
  2010      02        2.67      0.36
  2010      03        2.78      0.36
  2010      04        2.88      0.39
  2010      05        2.95      0.41
  2010      06        2.99      0.42
  2010      07        3.05      0.38
  2010      08        3.17      0.45
  2010      09        3.41      0.83
  2010      10        3.69      1.12
  2010      11        3.89      1.18
  2010      12        4.05      1.15
  2011      01        4.19      1.10
  2011      02        4.34      1.08
  2011      03        4.63      1.32
  2011      04        5.04      1.66
  2011      05        5.52      1.93
  2011      06        5.97      2.01
  2011      07        6.32      1.85
  2011      08        6.45      1.74
  2011      09        6.45      1.77
  2011      10        6.50      1.77
  2011      11        6.62      1.73
  2011      12        6.76      1.63
  2012      01        6.92      1.51
  2012      02        7.04      1.41
  2012      03        7.00      1.36
  2012      04        6.79      1.34
  2012      05        6.48      1.19
  2012      06        6.21      0.98
  2012      07        6.03      0.95
  2012      08        5.99      0.94
  2012      09        5.94      0.91
  2012      10        5.88      0.88
  2012      11        5.93      0.96
  2012      12        5.94      1.05
  2013      01        5.88      1.06
  2013      02        5.87      1.04
  2013      03        5.80      1.04
  2013      04        5.83      1.09
  2013      05        6.02      1.18
  2013      06        6.24      1.29
  2013      07        6.49      1.35
  2013      08        6.83      1.46
  2013      09        7.20      1.50
  2013      10        7.31      1.49
  2013      11        7.28      1.48
  2013      12        7.34      1.40
  2014      01        7.45      1.30
  2014      02        7.50      1.27
  2014      03        7.67      1.12
  2014      04        7.76      0.98
  2014      05        7.74      1.00
  2014      06        7.71      1.00
  2014      07        7.60      1.01
  2014      08        7.32      1.02
  2014      09        6.90      1.09
  2014      10        6.70      1.19
  2014      11        6.66      1.19
  2014      12        6.54      1.21
  2015      01        6.37      1.27
  2015      02        6.19      1.33
  2015      03        5.98      1.29
  2015      04        5.78      1.21
  2015      05        5.55      1.11
  2015      06        5.30      0.91
  2015      07        5.09      0.80
  2015      08        4.97      0.75
  2015      09        4.98      0.75
  2015      10        4.84      0.80
  2015      11        4.59      0.76
  2015      12        4.34      0.84
  2016      01        4.13      0.98
  2016      02        4.05      0.98
  2016      03        3.94      0.93
  2016      04        3.75      0.88
  2016      05        3.55      0.94
  2016      06        3.32      0.98
  2016      07        3.11      0.98
  2016      08        2.97      0.93
  2016      09        2.80      0.87
  2016      10        2.67      0.85
  2016      11        2.55      0.84
  2016      12        2.43      0.83
  2017      01        2.36      0.84
  2017      02        2.23      0.72
  2017      03        2.14      0.57
  2017      04        2.06      0.60
  2017      05        1.92      0.71
  2017      06        1.82      0.80
  2017      07        1.74      0.83
  2017      08        1.60      0.81
  2017      09        1.45      0.81
  2017      10        1.34      0.81
  2017      11        1.26      0.77
  2017      12        1.25      0.77
  2018      01        1.18      0.78
  2018      02        1.04      0.74
  2018      03        0.85      0.56
  2018      04        0.73      0.35
